24 20 0 0 
12     13     12     13     12     13     12     13     12     13     12     15     102    103    14     13     12     13     12     13     12     13     12     13 
22     23     20     21     20     21     20     21     20     21     20     21     110    111    20     21     20     21     20     21     20     21     22     23 
12     15     102    89     89     89     89     89     89     89     89     89     99     100    89     89     89     89     89     89     89     90     14     13 
22     23     110    97     97     21397  21398  21398  21398  21399  97     97     97     97     21397  21398  21398  21398  21399  97     97     98     22     23 
12     15     110    109    105    1405   1406   1406   1406   1407   101    97     109    105    1405   1406   1406   1406   1407   101    97     98     14     13 
22     23     110    98     2      1411   1412   1413   1414   1415   96     97     98     2      1411   1412   1413   1414   1415   96     97     98     22     23 
12     15     110    98     11025  1419   1420   1421   1422   1423   96     97     98     11025  1419   1420   1421   1422   1423   96     97     98     14     13 
22     23     110    98     11033  1427   1428   1429   1430   1431   96     97     98     11033  1427   1428   1429   1430   1431   96     97     98     22     23 
12     15     110    108    89     107    97     108    89     89     107    97     108    89     107    97     108    89     89     107    97     98     14     13 
22     23     110    97     97     97     97     97     97     97     97     97     97     20985  20986  20987  20988  20989  20990  20991  97     98     22     23 
12     15     110    97     97     97     97     97     97     97     97     97     109    993    994    995    996    997    998    999    115    98     14     13 
22     23     110    97     109    228    228    228    228    10031  101    97     98     1001   1002   1003   1004   1005   1006   1007   110    98     22     23 
12     15     110    97     98     13036  13036  13036  13036  2      96     97     98     1009   1010   1011   1012   1013   1014   1015   110    98     14     13 
22     23     110    97     98     13036  13036  13036  13036  2      96     97     98     1017   1018   1019   1020   1021   1022   1023   110    98     22     23 
12     15     110    97     98     10028  2      2      2      2      96     97     108    89     89     107    97     108    89     89     99     98     14     13 
22     23     110    97     108    89     89     89     89     89     107    97     109    105    105    105    105    105    105    101    97     98     22     23 
12     15     110    97     97     97     97     97     97     97     97     97     117    220    220    220    10031  220    220    127    97     98     14     13 
22     23     118    105    105    105    105    213    214    214    215    97     97     97     97     97     97     97     97     97     97     98     22     23 
12     15     2      2      2      2      2      221    222    222    223    105    105    105    105    105    105    105    105    105    105    106    14     13 
22     23     10006  10007  10006  10007  2      221    222    222    223    2      2      2      2      2      2      2      10006  10007  10006  10007  22     23 
0 
0      0      0      0      0      0      0      0      0      0      0      0      1      1      0      0      0      0      0      0      0      0      0      0 
0      0      0      0      0      0      0      0      0      0      0      0      1      1      0      0      0      0      0      0      0      0      0      0 
0      0      1      1      1      1      1      1      1      1      1      1      1      1      1      1      1      1      1      1      1      1      0      0  
0      0      1      1      1      2      2      2      2      2      1      1      1      1      2      2      2      2      2      1      1      1      0      0 
0      0      1      1      1      0      0      0      0      0      1      1      1      1      0      0      0      0      0      1      1      1      0      0 
0      0      1      1      1      0      0      0      0      0      1      1      1      1      0      0      0      0      0      1      1      1      0      0 
0      0      1      1      2      0      0      0      0      0      1      1      1      2      0      0      0      0      0      1      1      1      0      0 
0      0      1      1      0      0      1      0      0      0      1      1      1      0      0      1      0      0      0      1      1      1      0      0 
0      0      1      1      1      1      1      1      1      1      1      1      1      1      1      1      1      1      1      1      1      1      0      0 
0      0      1      1      1      1      1      1      1      1      1      1      1      2      2      2      2      2      2      2      1      1      0      0 
0      0      1      1      1      1      1      1      1      1      1      1      1      0      0      0      0      0      0      0      1      1      0      0 
0      0      1      1      1      0      0      0      0      0      1      1      1      0      0      0      0      0      0      0      1      1      0      0 
0      0      1      1      1      1      1      1      1      1      1      1      1      0      0      0      0      0      0      0      1      1      0      0 
0      0      1      1      1      1      1      1      1      1      1      1      1      0      0      0      1      0      0      0      1      1      0      0 
0      0      1      1      1      0      1      1      1      1      1      1      1      1      1      1      1      1      1      1      1      1      0      0 
0      0      1      1      1      1      1      1      1      1      1      1      1      1      1      1      1      1      1      1      1      1      0      0 
0      0      1      1      1      1      1      1      1      1      1      1      1      0      0      0      0      0      0      1      1      1      0      0 
0      0      1      1      1      1      1      0      0      0      0      1      1      1      1      1      1      1      1      1      1      1      0      0 
0      0      1      1      1      1      1      0      0      0      0      1      1      1      1      1      1      1      1      1      1      1      0      0 
0      0      2      2      2      2      1      0      0      0      0      1      1      1      1      1      1      1      2      2      2      2      0      0 
