24 40 0 0 
12      13      12      13      12      13      12      13      12      13      24      25      25      26      12      13      12      13      12      13      12      13      12      13
22      23      20      21      20      21      20      21      20      21      24      25      25      26      20      21      20      21      20      21      20      21      22      23
12      13      2       2       2       2       2       2       2       2       24      25      25      26      2       2       2       2       2       13036   2       13036   12      13
22      23      2       2       2       2       2       2       10006   10007   24      25      25      36      17      17      17      17      17      17      17      18      22      23
12      13      2       2       2       2       2       2       12      13      32      33      33      33      33      33      33      33      43      25      25      26      12      13
22      23      10173   10188   10188   10188   10188   10181   22      23      10173   10188   10188   10188   10188   10181   2       2       32      33      33      34      22      23
12      13      2       13036   2       2       2       13036   12      13      8       8       8       8       8       8       8       8       8       8       8       8       12      13
22      23      13036   2       2       2       13036   2       22      23      8       8       8       8       8       8       8       8       8       8       8       8       22      23
12      13      2       13036   2       2       2       13036   12      13      8       8       8       8       8       8       8       8       8       8       8       8       12      13
22      23      13036   2       2       2       13036   2       22      23      8       8       8       8       8       8       8       8       8       8       8       8       22      23
12      13      10173   10188   10188   10188   10188   10181   12      13      8       8       8       8       8       8       8       8       8       8       8       8       12      13
22      23      2       13036   2       2       2       2       20      21      2       2       2       16      17      17      17      17      17      17      17      18      22      23
12      13      13036   2       2       2       2       2       2       2       2       2       2       24      25      44      33      33      33      33      33      34      12      13
22      23      2       13036   2       2       2       2       2       2       2       2       2       32      33      34      8       8       8       8       8       8       22      23
12      13      10006   10007   2       2       2       2       2       2       10006   10007   10006   10007   10006   10007   8       8       8       8       8       8       12      13
22      23      12      13      10173   10188   10188   10188   10188   10181   12      13      12      13      12      13      8       8       8       8       8       8       22      23
12      13      20      21      2       2       2       2       2       2       20      21      20      21      20      21      8       8       8       8       8       8       12      13
22      23      2       2       2       2       2       2       2       2       2       2       2       16      17      18      8       8       8       8       8       8       22      23
12      13      2       2       2       16      17      17      17      17      17      17      17      35      25      26      2       2       2       13036   2       13036   12      13
22      23      2       2       2       24      25      25      44      33      33      33      33      33      33      34      2       2       13036   2       13036   2       22      23
12      13      10173   10181   2       30173   40188   40188   50181   2       2       10173   10188   10188   10188   10188   10188   10188   10188   10188   10188   10181   12      13
22      23      2       2       2       24      25      25      36      17      17      17      17      17      17      17      17      17      17      17      17      18      22      23
12      13      2       2       2       32      33      33      33      33      33      33      33      33      33      33      33      33      43      25      25      26      12      13
22      23      2       2       2       2       2       2       2       2       2       2       2       2       2       2       2       2       24      25      25      26      22      23
12      13      10006   10007   10006   10007   10006   10007   10006   10007   10006   10007   8       8       8       8       8       8       24      25      25      26      12      13
22      23      12      13      12      13      12      13      12      13      12      13      8       8       8       8       8       8       24      25      25      26      22      23
12      13      20      21      20      21      20      21      20      21      20      21      8       8       8       8       8       8       30173   40188   40188   50181   12      13
22      23      2       13036   2       13036   2       2       2       2       2       2       8       8       8       8       8       8       24      25      25      26      22      23
12      13      13036   2       13036   2       2       2       2       2       2       2       8       8       8       8       8       8       24      25      25      26      12      13
22      23      16      17      17      17      17      17      17      17      17      17      17      17      17      17      17      17      35      25      25      26      22      23
12      13      32      33      33      33      33      33      33      33      33      43      25      25      44      33      33      33      33      33      33      34      12      13
22      23      10173   10188   10188   10181   2       2       2       10031   10173   30188   40188   40188   50188   10188   10188   10188   10188   10188   10188   10181   22      23
12      13      2       2       8       8       8       8       8       8       8       24      25      25      26      2       2       8       8       8       8       8       12      13
22      23      2       2       8       8       8       8       8       8       8       24      25      25      26      2       2       8       8       8       8       8       22      23
12      13      8       8       8       8       8       8       8       2       13036   32      33      33      34      8       8       8       8       8       13036   2       12      13
22      23      8       8       8       8       8       8       8       13036   2       2       8       8       2       8       8       8       8       8       2       13036   22      23
12      13      212     212     212     212     212     212     212     212     212     203     8       8       202     212     212     212     212     212     212     212     12      13
22      23      10006   10007   10006   10007   10006   10007   10006   10007   10006   2327    8       8       2326    10007   10006   10007   10006   10007   10006   10007   22      23
12      13      12      13      12      13      12      13      12      13      12      2335    8       8       2334    13      12      13      12      13      12      13      12      13
22      23      22      23      22      23      22      23      22      23      22      23      8       8       22      23      22      23      22      23      22      23      22      23  
0
0       0       1       0       0       0       0       0       0       0       1       1       1       1       0       0       0       0       0       0       0       0       0       0 
0       0       1       0       0       0       0       0       0       0       1       1       1       1       0       0       0       0       0       0       0       0       0       0 
0       0       1       1       1       1       1       1       1       1       1       1       1       1       1       1       1       1       1       1       1       1       0       0 
0       0       1       1       1       1       1       1       2       2       1       1       1       1       1       1       1       1       1       1       1       1       0       0 
0       0       1       1       1       1       1       1       0       0       1       1       1       1       1       1       1       1       1       1       1       1       0       0 
0       0       0       0       0       0       0       0       0       0       0       0       0       0       0       0       1       1       1       1       1       1       0       0 
0       0       1       1       1       1       1       1       0       0       1       1       1       1       1       1       1       1       1       1       1       1       0       0 
0       0       1       1       1       1       1       1       0       0       1       1       1       1       1       1       1       1       1       1       1       1       0       0 
0       0       1       1       1       1       1       1       0       0       1       1       1       1       1       1       1       1       1       1       1       1       0       0 
0       0       1       1       1       1       1       1       0       0       1       1       1       1       1       1       1       1       1       1       1       1       0       0 
0       0       0       0       0       0       0       0       0       0       1       1       1       1       1       1       1       1       1       1       1       1       0       0 
0       0       1       1       1       1       1       1       0       0       1       1       1       1       1       1       1       1       1       1       1       1       0       0 
0       0       1       1       1       1       1       1       1       1       1       1       1       1       1       1       1       1       1       1       1       1       0       0 
0       0       1       1       1       1       1       1       1       1       1       1       1       1       1       1       1       1       1       1       1       1       0       0 
0       0       2       2       1       1       1       1       1       1       2       2       2       2       2       2       1       1       1       1       1       1       0       0 
0       0       0       0       0       0       0       0       0       0       0       0       0       0       0       0       1       1       1       1       1       1       0       0 
0       0       0       0       1       1       1       1       1       1       0       0       0       0       0       0       1       1       1       1       1       1       0       0 
0       0       1       1       1       1       1       1       1       1       1       1       1       1       1       1       1       1       1       1       1       1       0       0 
0       0       1       1       1       1       1       1       1       1       1       1       1       1       1       1       1       1       1       1       1       1       0       0 
0       0       1       1       1       1       1       1       1       1       1       1       1       1       1       1       1       1       1       1       1       1       0       0 
0       0       0       0       1       0       0       0       0       1       1       0       0       0       0       0       0       0       0       0       0       0       0       0 
0       0       1       1       1       1       1       1       1       1       1       1       1       1       1       1       1       1       1       1       1       1       0       0 
0       0       1       1       1       1       1       1       1       1       1       1       1       1       1       1       1       1       1       1       1       1       0       0 
0       0       1       1       1       1       1       1       1       1       1       1       1       1       1       1       1       1       1       1       1       1       0       0 
0       0       2       2       2       2       2       2       2       2       2       2       1       1       1       1       1       1       1       1       1       1       0       0 
0       0       0       0       0       0       0       0       0       0       0       0       1       1       1       1       1       1       1       1       1       1       0       0 
0       0       0       0       0       0       0       0       0       0       0       0       1       1       1       1       1       1       0       0       0       0       0       0 
0       0       1       1       1       1       1       1       1       1       1       1       1       1       1       1       1       1       1       1       1       1       0       0 
0       0       1       1       1       1       1       1       1       1       1       1       1       1       1       1       1       1       1       1       1       1       0       0 
0       0       1       1       1       1       1       1       1       1       1       1       1       1       1       1       1       1       1       1       1       1       0       0 
0       0       1       1       1       1       1       1       1       1       1       1       1       1       1       1       1       1       1       1       1       1       0       0 
0       0       0       0       0       0       1       1       1       0       0       0       0       0       0       0       0       0       0       0       0       0       0       0 
0       0       1       1       1       1       1       1       1       1       1       1       1       1       1       1       1       1       1       1       1       1       0       0 
0       0       1       1       1       1       1       1       1       1       1       1       1       1       1       1       1       1       1       1       1       1       0       0 
0       0       1       1       1       1       1       1       1       1       1       1       1       1       1       1       1       1       1       1       1       1       0       0 
0       0       1       1       1       1       1       1       1       1       1       1       1       1       1       1       1       1       1       1       1       1       0       0 
0       0       0       0       0       0       0       0       0       0       0       0       1       1       0       0       0       0       0       0       0       0       0       0 
0       0       0       0       0       0       0       0       0       0       0       0       1       1       0       0       0       0       0       0       0       0       0       0 
0       0       0       0       0       0       0       0       0       0       0       0       1       1       0       0       0       0       0       0       0       0       0       0 
0       0       0       0       0       0       0       0       0       0       0       0       1       1       0       0       0       0       0       0       0       0       0       0  
