41 40 11 0
241     242     234     241     10245   12      13      12      13      12      13      12      13      12      13      209     2       2       2       2       2       22      23      22      23      12      13      12      13      12      13      12      13      12      13      12      13      12      13      12      13
241     242     242     241     10245   22      23      22      23      22      23      22      23      22      23      209     2       2       2       2       2       12      13      12      13      22      23      22      23      22      23      22      23      22      23      22      23      22      23      22      23
241     242     241     234     10245   12      13      12      13      12      13      12      13      12      13      209     2       2       2       2       2       22      23      22      23      12      13      12      13      12      13      12      13      12      13      12      13      12      13      12      13
241     242     241     242     10245   22      23      22      23      22      23      22      23      22      23      209     2       2       2       2       2       12      13      12      13      22      23      22      23      22      23      22      23      22      23      22      23      22      23      22      23
241     242     241     242     10245   12      13      12      13      12      13      12      13      12      13      209     2       112     113     114     2       22      23      22      23      12      13      12      13      12      13      12      13      12      13      12      13      12      13      12      13
241     242     241     242     10245   20      21      20      21      20      21      20      21      20      21      209     2       120     121     122     2       12      13      12      13      20      21      20      21      20      21      20      21      20      21      20      21      20      21      22      23
241     242     241     242     10245   212     212     212     212     212     212     212     212     212     212     211     2       120     121     122     2       20      21      20      21      2       112     113     113     113     113     113     113     113     113     113     113     113     114     12      13
241     242     241     242     10245   2       2       10006   10007   10006   10007   10006   10007   10006   10007   10009   2       120     121     122     2       2       2       2       2       2       120     121     121     121     121     121     121     121     121     121     121     121     122     22      23
241     242     241     242     10245   2       202     12      13      12      13      12      13      12      13      203     2       120     121     124     113     113     113     113     113     113     123     121     132     129     70324   70325   70326   70327   70365   70367   131     121     122     12      13
241     242     241     242     10245   2       208     22      23      22      23      22      23      22      23      209     10010   120     121     121     121     121     121     121     121     121     121     121     122     2       332     333     334     335     373     375     120     121     122     22      23
241     242     241     242     10245   2       208     12      13      12      13      12      13      12      13      209     2       120     121     132     129     70944   70945   71189   71190   71191   129     129     130     2       340     341     342     343     381     383     120     121     122     12      13
226     250     241     242     10245   2       208     22      23      22      23      22      23      22      23      209     10010   120     121     122     110010  952     953     1197    1198    1199    2       2       2       10269   348     349     350     351     389     391     120     121     122     22      23
242     241     241     242     10245   2       208     12      13      12      13      12      13      12      13      209     2       120     121     122     72      960     961     1205    1206    1207    2       2       2       10277   10356   10357   10358   359     10397   10399   120     121     122     12      13
250     241     226     250     10245   2       208     22      23      22      23      22      23      22      23      209     10010   120     121     122     80010   976     977     978     979     980     2       2       2       2       2       2       2       2       2       2       128     129     130     22      23
241     226     250     241     10245   2       208     12      13      12      13      12      13      12      13      209     2       120     121     122     80      81      81      81      90010   100010  10173   10188   10188   10188   10188   10188   10188   10188   10188   10188   10188   10188   10181   12      13
249     250     241     241     10245   2       208     22      23      22      23      22      23      22      23      209     10010   120     121     122     2       2       2       2       2       2       2       2       2       2       2       2       2       2       2       2       13036   2       13036   22      23
241     241     226     10252   10253   2       208     12      13      12      13      12      13      12      13      209     2       120     121     122     2       2       2       2       2       2       2       2       2       2       2       2       2       2       2       13036   2       13036   2       12      13
10252   10252   10253   2       2       2       208     20      21      20      21      20      21      20      21      209     10010   120     121     122     2       10944   10945   11189   11190   11191   212     212     212     212     212     212     212     212     212     212     212     212     212     22      23
2       2       2       2       2       2       210     212     212     212     212     212     212     212     212     211     2       70031   121     122     110010  952     953     1197    1198    1199    2       2       2       2       2       10328   10329   10330   10331   2       2       2       2       12      13
17      17      17      17      17      18      2       2       2       2       112     113     113     113     113     113     113     123     121     122     72      960     961     1205    1206    1207    2       112     113     114     2       336     337     338     339     2       112     113     114     22      23
25      25      25      25      25      26      2       2       2       2       120     121     121     121     121     121     121     121     121     122     80010   121171  977     131173  141174  151175  2       120     121     122     2       344     345     346     347     2       120     121     122     12      13
33      33      33      33      33      34      2       2       2       2       128     129     129     129     129     129     129     131     121     122     80      91179   81      91181   91182   101183  2       120     121     122     2       10352   10353   10354   10355   2       120     121     122     22      23
10236   10236   10236   10237   2       2       2       2       2       2       2       2       2       2       2       2       2       120     121     124     113     113     113     113     113     113     113     123     121     124     113     113     123     121     124     113     123     121     122     12      13
233     234     241     10245   2       2       2       2       2       2       2       64      65      65      66      2       2       120     121     121     121     121     121     121     121     121     121     121     121     121     121     121     121     121     121     121     121     121     122     22      23
233     242     241     10245   10006   10007   10006   10007   2       2       2       80      75      73      74      2       2       120     121     132     129     70360   70361   70362   70363   70364   129     131     121     132     129     129     129     129     129     129     131     121     122     12      13
241     241     234     10245   12      13      12      13      10009   10006   10007   2       72      73      68      66      2       120     121     122     2       368     369     370     371     372     2       120     121     122     2       13036   2       13036   2       2       120     121     122     22      23
241     241     242     10245   20      21      20      21      2       12      13      2       80      81      81      82      2       120     121     122     2       376     377     378     379     380     2       120     121     122     2       2       13036   2       13036   2       120     121     122     12      13
241     241     242     10245   16      17      17      18      2       20      21      2       2       2       2       2       2       120     121     122     2       384     385     386     387     388     2       120     121     122     2       13036   2       13036   2       2       120     121     122     22      23
241     241     242     10245   24      25      25      26      213     214     214     214     214     215     2       2       2       120     121     122     2       10392   10393   10394   10395   10396   2       120     121     122     2       2       13036   2       13036   2       120     121     122     12      13
241     241     242     10245   32      43      25      26      221     222     222     222     222     223     2       2       2       120     121     124     113     113     123     121     124     113     113     123     121     124     113     113     113     113     113     113     123     121     122     22      23
241     241     242     10245   2       32      33      34      221     222     222     222     222     223     2       2       2       120     121     121     121     121     121     121     121     121     121     121     121     121     121     121     121     121     121     121     121     121     122     12      13
241     241     242     10245   2       2       2       2       221     222     222     222     222     223     2       2       2       128     129     129     129     129     129     129     129     129     129     129     129     129     129     129     129     129     129     129     129     129     130     22      23
241     241     242     10245   10173   10188   10188   10181   229     230     230     230     230     231     10173   10188   10181   2       2       2       10173   10188   10188   10188   10188   10188   10188   10188   10188   10188   10188   10188   10188   10188   10188   10188   10188   10188   10181   12      13
241     226     250     10245   2       2       2       2       2       2       2       2       2       2       2       2       2       10028   2       2       2       2       2       2       2       13036   2       13036   2       13036   2       2       2       13036   2       13036   2       13036   2       22      23
241     242     241     10245   2       2       2       2       2       2       2       16      17      17      17      17      17      17      17      17      17      17      17      17      17      17      17      17      17      17      17      17      17      17      17      17      18      2       2       12      13
241     242     226     60006   10007   10006   10007   10006   10007   10006   10007   24      25      25      25      25      25      25      25      25      25      25      25      25      25      25      25      25      25      25      25      25      25      25      25      25      26      2       2       22      23
241     242     10245   12      13      12      13      12      13      12      13      32      33      33      33      33      33      33      33      33      33      43      25      25      44      33      33      33      33      33      33      33      33      33      33      33      34      2       2       12      13
241     242     10245   22      23      22      23      22      23      22      23      10006   10007   10006   10007   10006   10007   10006   10007   10006   10007   24      25      25      26      10006   10007   10006   10007   10006   10007   10006   10007   10006   10007   10006   10007   10006   10007   22      23
241     242     10245   12      13      12      13      12      13      12      13      12      13      12      13      12      13      12      13      12      13      24      25      25      26      12      13      12      13      12      13      12      13      12      13      12      13      12      13      12      13
241     242     10245   22      23      22      23      22      23      22      23      22      23      22      23      22      23      22      23      22      23      24      25      25      26      22      23      22      23      22      23      22      23      22      23      22      23      22      23      22      23  
0
0       0       0       0       0       0       0       0       0       0       0       0       0       0       0       0       1       1       1       1       1       0       0       0       0       0       0       0       0       0       0       0       0       0       0       0       0       0       0       0       0 
0       0       0       0       0       0       0       0       0       0       0       0       0       0       0       0       1       1       1       1       1       0       0       0       0       0       0       0       0       0       0       0       0       0       0       0       0       0       0       0       0 
0       0       0       0       0       0       0       0       0       0       0       0       0       0       0       0       1       1       1       1       1       0       0       0       0       0       0       0       0       0       0       0       0       0       0       0       0       0       0       0       0 
0       0       0       0       0       0       0       0       0       0       0       0       0       0       0       0       1       1       1       1       1       0       0       0       0       0       0       0       0       0       0       0       0       0       0       0       0       0       0       0       0 
0       0       0       0       0       0       0       0       0       0       0       0       0       0       0       0       1       1       1       1       1       0       0       0       0       0       0       0       0       0       0       0       0       0       0       0       0       0       0       0       0 
0       0       0       0       0       0       0       0       0       0       0       0       0       0       0       0       1       1       1       1       1       0       0       0       0       0       0       0       0       0       0       0       0       0       0       0       0       0       0       0       0 
0       0       0       0       0       0       0       0       0       0       0       0       0       0       0       0       1       1       1       1       1       0       0       0       0       1       1       1       1       1       1       1       1       1       1       1       1       1       1       0       0 
0       0       0       0       0       1       1       2       2       2       2       2       2       2       2       3       1       1       1       1       1       1       1       1       1       1       1       1       1       1       1       1       1       1       1       1       1       1       1       0       0 
0       0       0       0       0       1       0       0       0       0       0       0       0       0       0       0       1       1       1       1       1       1       1       1       1       1       1       1       1       1       2       2       2       2       2       2       1       1       1       0       0 
0       0       0       0       0       1       0       0       0       0       0       0       0       0       0       0       0       1       1       1       1       1       1       1       1       1       1       1       1       1       0       0       0       0       0       0       1       1       1       0       0 
0       0       0       0       0       1       0       0       0       0       0       0       0       0       0       0       1       1       1       1       1       2       2       2       2       2       1       1       1       1       0       0       0       0       0       0       1       1       1       0       0 
0       0       0       0       0       1       0       0       0       0       0       0       0       0       0       0       0       1       1       1       0       0       0       0       0       0       1       1       1       2       0       0       0       0       0       0       1       1       1       0       0 
0       0       0       0       0       1       0       0       0       0       0       0       0       0       0       0       1       1       1       1       1       0       0       0       0       0       1       1       1       0       1       1       0       1       0       1       1       1       1       0       0 
0       0       0       0       0       1       0       0       0       0       0       0       0       0       0       0       0       1       1       1       0       0       0       0       0       0       1       1       1       1       1       1       1       1       1       1       1       1       1       0       0 
0       0       0       0       0       1       0       0       0       0       0       0       0       0       0       0       1       1       1       1       1       1       1       1       0       0       0       0       0       0       0       0       0       0       0       0       0       0       0       0       0 
0       0       0       0       0       1       0       0       0       0       0       0       0       0       0       0       0       1       1       1       1       1       1       1       1       1       1       1       1       1       1       1       1       1       1       1       1       1       1       0       0 
0       0       0       0       0       1       0       0       0       0       0       0       0       0       0       0       1       1       1       1       1       1       1       1       1       1       1       1       1       1       1       1       1       1       1       1       1       1       1       0       0 
0       0       0       1       1       1       0       0       0       0       0       0       0       0       0       0       0       1       1       1       1       2       2       2       2       2       0       0       0       0       0       0       0       0       0       0       0       0       0       0       0 
1       1       1       1       1       1       0       0       0       0       0       0       0       0       0       0       1       0       1       1       0       0       0       0       0       0       1       1       1       1       1       2       2       2       2       1       1       1       1       0       0 
1       1       1       1       1       1       1       1       1       1       1       1       1       1       1       1       1       1       1       1       1       0       0       0       0       0       1       1       1       1       1       0       0       0       0       1       1       1       1       0       0 
1       1       1       1       1       1       1       1       1       1       1       1       1       1       1       1       1       1       1       1       0       0       0       0       0       0       1       1       1       1       1       0       0       0       0       1       1       1       1       0       0 
1       1       1       1       1       1       1       1       1       1       1       1       1       1       1       1       1       1       1       1       1       1       1       1       1       1       1       1       1       1       1       0       0       0       0       1       1       1       1       0       0 
0       0       0       0       1       1       1       1       1       1       1       1       1       1       1       1       1       1       1       1       1       1       1       1       1       1       1       1       1       1       1       1       1       1       1       1       1       1       1       0       0 
0       0       0       0       1       1       1       1       1       1       1       1       1       1       1       1       1       1       1       1       1       1       1       1       1       1       1       1       1       1       1       1       1       1       1       1       1       1       1       0       0 
0       0       0       0       2       2       2       2       1       1       1       1       1       1       1       1       1       1       1       1       1       2       2       2       2       2       1       1       1       1       1       1       1       1       1       1       1       1       1       0       0 
0       0       0       0       0       0       0       0       1       2       2       1       1       1       1       1       1       1       1       1       1       0       0       0       0       0       1       1       1       1       1       1       1       1       1       1       1       1       1       0       0 
0       0       0       0       0       0       0       0       1       0       0       1       1       1       1       1       1       1       1       1       1       0       0       0       0       0       1       1       1       1       1       1       1       1       1       1       1       1       1       0       0 
0       0       0       0       1       1       1       1       1       0       0       1       1       1       1       1       1       1       1       1       1       0       0       0       0       0       1       1       1       1       1       1       1       1       1       1       1       1       1       0       0 
0       0       0       0       1       1       1       1       0       0       0       0       0       0       1       1       1       1       1       1       1       0       0       0       0       0       1       1       1       1       1       1       1       1       1       1       1       1       1       0       0 
0       0       0       0       1       1       1       1       0       0       0       0       0       0       1       1       1       1       1       1       1       1       1       1       1       1       1       1       1       1       1       1       1       1       1       1       1       1       1       0       0 
0       0       0       0       1       1       1       1       0       0       0       0       0       0       1       1       1       1       1       1       1       1       1       1       1       1       1       1       1       1       1       1       1       1       1       1       1       1       1       0       0
0       0       0       0       1       1       1       1       0       0       0       0       0       0       1       1       1       1       1       1       1       1       1       1       1       1       1       1       1       1       1       1       1       1       1       1       1       1       1       0       0 
0       0       0       0       0       0       0       0       0       0       0       0       0       0       0       0       0       1       1       1       0       0       0       0       0       0       0       0       0       0       0       0       0       0       0       0       0       0       0       0       0
0       0       0       0       1       1       1       1       1       1       1       1       1       1       1       1       1       0       1       1       1       1       1       1       1       1       1       1       1       1       1       1       1       1       1       1       1       1       1       0       0 
0       0       0       0       1       1       1       1       1       1       1       1       1       1       1       1       1       1       1       1       1       1       1       1       1       1       1       1       1       1       1       1       1       1       1       1       1       1       1       0       0 
0       0       0       0       2       2       2       2       2       2       2       1       1       1       1       1       1       1       1       1       1       1       1       1       1       1       1       1       1       1       1       1       1       1       1       1       1       1       1       0       0 
0       0       0       0       0       0       0       0       0       0       0       1       1       1       1       1       1       1       1       1       1       1       1       1       1       1       1       1       1       1       1       1       1       1       1       1       1       1       1       0       0 
0       0       0       0       0       0       0       0       0       0       0       2       2       2       2       2       2       2       2       2       2       1       1       1       1       2       2       2       2       2       2       2       2       2       2       2       2       2       2       0       0 
0       0       0       0       0       0       0       0       0       0       0       0       0       1       0       0       0       0       0       0       0       1       1       1       1       0       0       0       0       0       0       0       0       0       0       0       0       0       0       0       0 
0       0       0       0       0       0       0       0       0       0       0       0       0       1       0       0       0       0       0       0       0       1       1       1       1       0       0       0       0       0       0       0       0       0       0       0       0       0       0       0       0  
