24 24
22  23   8   9   8   9   2  221 222 222 223  2   2   2   2   2   2   2   8   9   8   9   2   3  
12  15   2   2   2   2   2  221 222 222 223  2   2   2   2   2   2   2   2   2   2   2   6   7 
22  23 213 214 214 214 214 238 222 222 239 214 214 214 214 214 214 214 214 214 214 215  2   3 
12  15 221 222 222 222 222 222 222 222 222 222 222 222 222 222 222 222 222 222 222 223  6   7 
22  23 221 222 222 222 222 222 222 222 222 222 222 222 222 222 222 222 222 222 222 223  2   3 
12  15 221 222 222 222 222 222 222 222 222 222 222 222 222 222 222 222 222 222 222 223  6   7 
22  23 221 222 222 222 222 222 222 222 222 222 222 222 222 222 222 222 222 222 222 223  2   3 
12  15 221 222 222 222 222 222 222 222 222 222 222 222 222 222 222 222 222 222 222 223  6   7 
22  23 221 222 222 222 222 222 222 222 222 222 222 222 222 222 222 222 222 222 222 223  2   3 
12  15 221 222 222 222 222 222 222 222 222 222 222 222 222 222 222 222 222 222 222 223  6   7 
22  23 221 222 222 222 222 222 222 222 222 222 222 222 222 222 222 222 222 222 222 223  2   3 
12  15 221 222 222 222 222 222 222 222 222 222 222 222 222 222 222 222 222 222 222 223  6   7 
22  23 221 222 222 222 222 222 222 222 222 222 222 222 222 222 222 222 222 222 222 223  2   3 
12  15 221 222 222 222 222 222 222 222 222 222 222 222 222 222 222 222 222 222 222 223  6   7 
22  23 221 222 222 222 222 222 222 222 222 222 222 222 222 222 222 222 222 222 222 223  2   3 
12  15 221 222 222 222 222 222 222 222 222 222 222 222 222 222 222 222 222 222 222 223  6   7 
22  23 221 222 222 222 222 222 222 222 222 222 222 222 222 222 222 222 222 222 222 223  2   3 
12  15 221 222 222 222 222 222 222 222 222 222 222 222 222 222 222 222 222 222 222 223  6   7 
22  23 221 222 222 222 222 222 222 222 222 222 222 222 222 222 222 222 222 222 222 223  2   3 
12  15 221 222 222 222 222 222 222 222 222 222 222 222 222 222 222 222 222 222 222 223  6   7 
22  23 221 222 222 222 222 222 222 222 222 222 222 222 222 222 222 222 222 222 222 223  2   3 
12  15 221 222 222 222 222 222 222 222 222 222 222 222 222 222 222 222 222 222 222 223  6   7 
22  23 221 222 222 222 222 222 222 222 222 222 222 222 222 222 222 222 222 222 222 223  2   3 
12  15  10  10  10  10  10  10  10  10  10  10  10  10  10  10  10  10  10  10  10  10   6   7 
space 
0   0   0   0   0   0   1   0   0   0   0   1   1   1   1   1   1   1   0   0   0   0   0   0 
0   0   1   1   1   1   1   0   0   0   0   1   1   1   1   1   1   1   1   1   1   1   0   0 
0   0   0   0   0   0   0   0   0   0   0   0   0   0   0   0   0   0   0   0   0   0   0   0 
0   0   0   0   0   0   0   0   0   0   0   0   0   0   0   0   0   0   0   0   0   0   0   0 
0   0   0   0   0   0   0   0   0   0   0   0   0   0   0   0   0   0   0   0   0   0   0   0 
0   0   0   0   0   0   0   0   0   0   0   0   0   0   0   0   0   0   0   0   0   0   0   0 
0   0   0   0   0   0   0   0   0   0   0   0   0   0   0   0   0   0   0   0   0   0   0   0 
0   0   0   0   0   0   0   0   0   0   0   0   0   0   0   0   0   0   0   0   0   0   0   0 
0   0   0   0   0   0   0   0   0   0   0   0   0   0   0   0   0   0   0   0   0   0   0   0 
0   0   0   0   0   0   0   0   0   0   0   0   0   0   0   0   0   0   0   0   0   0   0   0 
0   0   0   0   0   0   0   0   0   0   0   0   0   0   0   0   0   0   0   0   0   0   0   0 
0   0   0   0   0   0   0   0   0   0   0   0   0   0   0   0   0   0   0   0   0   0   0   0 
0   0   0   0   0   0   0   0   0   0   0   0   0   0   0   0   0   0   0   0   0   0   0   0 
0   0   0   0   0   0   0   0   0   0   0   0   0   0   0   0   0   0   0   0   0   0   0   0 
0   0   0   0   0   0   0   0   0   0   0   0   0   0   0   0   0   0   0   0   0   0   0   0 
0   0   0   0   0   0   0   0   0   0   0   0   0   0   0   0   0   0   0   0   0   0   0   0 
0   0   0   0   0   0   0   0   0   0   0   0   0   0   0   0   0   0   0   0   0   0   0   0 
0   0   0   0   0   0   0   0   0   0   0   0   0   0   0   0   0   0   0   0   0   0   0   0 
0   0   0   0   0   0   0   0   0   0   0   0   0   0   0   0   0   0   0   0   0   0   0   0 
0   0   0   0   0   0   0   0   0   0   0   0   0   0   0   0   0   0   0   0   0   0   0   0 
