32 32 0 0
0   0   0   0   0   0   0   0   0   0   0   0   0   0   0   0   0   0   0   0   0   0   0   0   0   0   0   0   0   0   0   0
0   0   0   0   0   0   0   0   0   0   0   0   0   0   0   0   0   0   0   0   0   0   0   0   0   0   0   0   0   0   0   0
0   0   0   0   0   0   0   0   0   0   0   0   0   0   0   0   0   0   0   0   0   0   0   0   0   0   0   0   0   0   0   0
0   0   0   0   0   0   0   0   0   0   0   0   0   0   0   0   0   0   0   0   0   0   0   0   0   0   0   0   0   0   0   0
0   0   0   0   0   0   0   0   0   0   0   0   0   0   0   0   0   0   0   0   0   0   0   0   0   0   0   0   0   0   0   0
0   0   0   0   0   2   2   2   2  11  10  10  10  12   2   2   2   2  15  16  16  16  16  16  16  16  16  16   0   0   0   0
0   0   0   0   0   2   2   2   2  11  10  10  12   2   2   2   2   2   2  15  16  16  16  16  16  16  16  16   0   0   0   0
0   0   0   0   0   2   2   2   2  11  10  12   2   2   2   2   2   2   2   2  15  16  16  16  16  16  16  16   0   0   0   0
0   0   0   0   0   2   2   2   2  11  12   2   2   2   2   2   2   2   2   2   2  15  16  16  16  16  16  16   0   0   0   0
0   0   0   0   0   2   2   2   2   2   2   2   2   2   2   2   2   2   2   2   2   2  15  16  16  16  16  16   0   0   0   0
0   0   0   0   0   2   2   2   2   2   2   2   2   2   2   2   2   2   2   2   2   2   2  15  16  16  16  16   0   0   0   0
0   0   0   0   0   2   2   2   2   2   2   2   2   2   2   2   2   2   2   2   2   2   2   2  15  16  16  16   0   0   0   0
0   0   0   0   0   2   2   2   2   2   2   2   2   2   2   2   2   2   2   2   2   2   2   2   2  15  16  16   0   0   0   0
0   0   0   0   0   2   2   2   2   2   2   2   2   2   2   2   2   2   2   2   2   2   2   2   2   2  15  16   0   0   0   0
0   0   0   0   0   2   2   2   2   2   2   2   2   2   2   2   2   2   2   2   2   2   2   2   2   2   2  15   0   0   0   0
0   0   0   0   0   2   2   2   2   2   2   2   2   2   2   2   2   2   2   2   2   2   2   2   2   2   2   2   0   0   0   0
0   0   0   0   0   2   2   2   2   2   2   2   2   2   2   2   2   2   2   2   2   2   2   2   2   2   2   2   0   0   0   0
0   0   0   0   0   2   2   2   2   2   2   2   2   2   2   2   2   2   2   2   2   2   2   2   2   2   2   2   0   0   0   0
0   0   0   0   0   2   2   2   2   2   2   2   2   2   2   2   2   2   2   2   2   2   2   2   2   2   2   2   0   0   0   0
0   0   0   0   0   2   2   2   2   2   2   2   2   2   2   2   2   2   2   2   2   2   2   2   2   2   2   2   0   0   0   0
0   0   0   0   0   2   9   9   9   9   9   2   2   2   2   2   2   2   2   2   2   2   2   2   2   2   3   6   0   0   0   0
0   0   0   0   0   9   9   2   9   9   9   9   2   2   2   2   2   2   2   2   2   2   2   3   6   6   7   3   0   0   0   0
0   0   0   0   0   9   2   9   9   2   2   9   2   2   2   2   2   2   3   6   6   6   6   7   3   6   6   7   0   0   0   0
0   0   0   0   0   9   2   9   9   9   9   9   2   2   2   2   2   3   7   3   6   6   6   6   7   3   6   6   0   0   0   0
0   0   0   0   0   9   2   9   9   2   2   9   2   2   2   2   2   4   3   7   3   6   6   6   6   7   3   6   0   0   0   0
0   0   0   0   0   9   9   2   9   9   9   9   2   2   2   2   2   4   4   3   7   3   6   6   6   6   7   3   0   0   0   0
0   0   0   0   0   2   9   9   9   9   9   2   2   2   2   2   2   4   4   4   3   7   3   6   6   6   6   7   0   0   0   0
0   0   0   0   0   0   0   0   0   0   0   0   0   0   0   0   0   0   0   0   0   0   0   0   0   0   0   0   0   0   0   0
0   0   0   0   0   0   0   0   0   0   0   0   0   0   0   0   0   0   0   0   0   0   0   0   0   0   0   0   0   0   0   0
0   0   0   0   0   0   0   0   0   0   0   0   0   0   0   0   0   0   0   0   0   0   0   0   0   0   0   0   0   0   0   0
0   0   0   0   0   0   0   0   0   0   0   0   0   0   0   0   0   0   0   0   0   0   0   0   0   0   0   0   0   0   0   0
0   0   0   0   0   0   0   0   0   0   0   0   0   0   0   0   0   0   0   0   0   0   0   0   0   0   0   0   0   0   0   0
